
power = 2006.90405932415
throughput = 14575.29
composite = 5408.43865332932
